Accuracy: 0.8511837655016911
Precision: 0.8569291884749647
Recall: 0.8384891042550571
F1 Score: 0.8468797700937172
